getClassProbabilities 104
------
length=16
arg[0]=0.999421
arg[1]=0.999343
arg[2]=0.997695
arg[3]=0.983716
arg[4]=0.999216
arg[5]=0.998258
arg[6]=0.990477
arg[7]=0.938871
arg[8]=0.997359
arg[9]=0.990949
arg[10]=0.950845
arg[11]=0.791835
arg[12]=0.985372
arg[13]=0.952645
arg[14]=0.823498
arg[15]=0.544379

getLowerBound(beta) 105
------
length=16
arg[0]=0.971816
arg[1]=0.982041
arg[2]=0.973387
arg[3]=0.902687
arg[4]=0.979744
arg[5]=0.981401
arg[6]=0.959474
arg[7]=0.84447
arg[8]=0.970704
arg[9]=0.960861
arg[10]=0.894483
arg[11]=0.668448
arg[12]=0.909519
arg[13]=0.870291
arg[14]=0.705193
arg[15]=0.371033

getUpperBound(beta) 106
------
length=16
arg[0]=0.999998
arg[1]=0.999992
arg[2]=0.999905
arg[3]=0.998548
arg[4]=0.99999
arg[5]=0.999915
arg[6]=0.998383
arg[7]=0.981133
arg[8]=0.999887
arg[9]=0.998493
arg[10]=0.980083
arg[11]=0.882972
arg[12]=0.998745
arg[13]=0.986598
arg[14]=0.906275
arg[15]=0.709547

